8C
01
00
00
8C
02
00
04
8C
03
00
08
8C
04
00
14
00
00
00
00
AC
01
00
10
AC
62
00
08
AC
83
FF
F8
00
21
28
20
00
22
30
22
00
22
20
24
00
22
38
25
00
01
41
40
AC
05
00
1C
AC
06
00
20
AC
04
00
14
AC
07
00
24
AC
08
00
28
00
02
4D
42
00
02
55
43
00
41
58
2A
30
2C
BC
DE
20
6D
FF
38
AC
09
00
2C
AC
0A
00
3C
AC
0B
00
30
AC
0C
00
34
AC
0D
00
38
28
2E
FF
9C
3C
62
AB
CD
00
00
00
00
00
00
00
00
00
00
00
00
AC
0E
00
40
AC
02
00
44
8C
02
00
04
00
00
00
00
00
00
00
00
08
00
00
28
08
00
00
00
08
00
00
2A
08
00
00
00
08
00
00
2B
08
00
00
2C
08
00
00
2D
AC
02
00
48
00
03
78
80
00
0B
72
00
00
00
00
00
00
00
00
00
00
00
00
00
00
00
00
00
01
CF
80
22
8C
11
00
08
00
00
00
00
00
00
00
00
00
00
00
00
02
00
00
08
AC
02
00
4C
00
00
00
00
0C
00
00
40
00
00
00
00
00
00
00
00
AC
02
00
50
10
71
00
01
AC
03
00
54
10
70
00
01
AC
03
00
58
14
70
00
01
AC
03
00
5C
14
71
00
01
AC
03
00
60
80
12
00
04
80
13
00
01
80
14
00
02
80
15
00
03
00
00
00
00
00
00
00
00
00
00
00
00
00
00
00
00
00
00
00
00
00
00
00
00
00
00
00
00
00
00
00
00
